event_index,mrr_real_async,mrr_real_sync,mrr_iid_async,mrr_iid_sync
1,0.12997530721566083,0.3995336863099694,0.2517534857071903,0.40552921040873613
2,0.20045261878581544,0.40164970023776064,0.40001644958190746,0.4034374558187276
3,0.24266589612173045,0.40240368478794974,0.23719438213781002,0.40221305996820855
4,0.23361121781128458,0.40199659276642896,0.17520851826452855,0.40210830273215953
5,0.26695379066802105,0.4009826130521241,0.14899118641416648,0.4052950029057875
6,0.2872746699828035,0.4019103766713846,0.14452305473391266,0.40526524839461486
7,0.2947064180560313,0.4023079032485187,0.14851779453763114,0.405518792466302
8,0.3010935236330415,0.4031641453632842,0.1481740835798425,0.4063232599087252
9,0.29741902072104576,0.4034981500060157,0.14831612421780008,0.402494701049608
10,0.2946838524023012,0.404290363867598,0.2818521118843945,0.4025520082984579
11,0.29079179337332084,0.4040118071930324,0.3763953082319532,0.40576516546391084
12,0.3053988224626881,0.40424127937052534,0.38994186419131116,0.4056726568715203
13,0.2955519389463839,0.40411680984778015,0.393465685269893,0.41026615867077254
14,0.29555906636560686,0.4038570718980613,0.4012016297385907,0.4118709851343511
15,0.2942163235872098,0.4051133917281632,0.4066904796660898,0.41390191426630213
16,0.32445198672714126,0.4059033207282079,0.4164523127524677,0.4117938755927359
17,0.32574283764130985,0.40511879470301304,0.41635418332160756,0.4126629711664626
18,0.36804230668349625,0.40485057932485274,0.4143673781508411,0.4148426643617265
19,0.38338572696607087,0.4050336071548086,0.41433036895639624,0.4163996790518971
20,0.3869454917788762,0.4048576912800611,0.4169377245636123,0.41578406984035177
21,0.3863406458572492,0.4054018260721054,0.41603295904994264,0.4169744154392978
22,0.38626753434832517,0.40569172082965954,0.41525331093533974,0.42004043913110356
23,0.3727504457171633,0.40605403152539066,0.4148822255964069,0.42173951436781676
24,0.3408474934673868,0.40628072121568004,0.4139164794636137,0.4218510936235346
25,0.2861953718928103,0.4065570385628544,0.4184637805673534,0.42715237912059423
26,0.2473557664073892,0.406579988183385,0.4198007897918255,0.4276479402402055
27,0.2585723060614224,0.40713669440885214,0.4194188069960533,0.4253096407513376
28,0.21662485019365868,0.4070940888383896,0.4202360320884342,0.4283596549065553
29,0.1878940721679957,0.407197676189537,0.42059805315262305,0.4291620069248529
30,0.17316386965379474,0.40740442667254856,0.4200549473571079,0.4300954713882877
31,0.18060597682615628,0.40845539191932567,0.4200373370648012,0.4294125781244615
32,0.18060741317290951,0.40873377745728223,0.4204691178246025,0.42933817957249265
33,0.18482036688501394,0.4086936486200276,0.41982744744634354,0.4266170649232916
34,0.18750172862986836,0.4091201491761135,0.41877859368567044,0.424370953831531
35,0.19179672005012607,0.40888680357940504,0.4190942717343776,0.42187243060758833
36,0.3719815545897324,0.4088358387020753,0.4189048497032095,0.4206607819777677
37,0.4024393224517908,0.40906177520614206,0.4177297367043786,0.4194746464270693
38,0.4047642434866934,0.4094179220722917,0.4170100375778423,0.41975102937583064
39,0.39213039802264166,0.4096261230066034,0.41798864992485385,0.4217161266488089
40,0.35700225663938584,0.4102434031522206,0.4168468339572983,0.4222462828125105
41,0.3463147245195996,0.4103658463638389,0.41596105231365055,0.42294812864131964
42,0.36598639744579914,0.4107669963404943,0.41521428781565106,0.4230317235584193
43,0.36661216299988586,0.41088088043049603,0.41475796114076535,0.42340743316905066
44,0.36768477085416584,0.41086240314597333,0.41494212189268476,0.42201309029048545
45,0.38588158629941416,0.41163406715582496,0.41340989036378,0.42289874993062193
46,0.37797854750329307,0.4118609339290259,0.4135016132415126,0.42321439725463106
47,0.3367810053674693,0.41207824369828694,0.41388094445357326,0.4236604792419315
48,0.3253658607646852,0.4121685917257885,0.41453541822346707,0.4245799954550264
49,0.3308306043642598,0.41233976736577166,0.41503333924094327,0.4224943733098027
50,0.33083346206777975,0.4124642190252725,0.41524122793333734,0.42261663330248794
51,0.3339997447334992,0.4127309933578934,0.41548117118788563,0.4222667855258123
52,0.33364442780381054,0.4128261733585052,0.4154799889659996,0.4241399361136773
53,0.3362006580572241,0.4132061332638901,0.41969869838485785,0.4246391413997323
54,0.3376810529200047,0.41325957758562015,0.4205263724665129,0.42376569322403623
55,0.3404502780004771,0.4134490855604971,0.42088951965698446,0.42343581086717297
56,0.3405227926771125,0.41362346500826525,0.4212625876471025,0.42326452026660577
57,0.3421159856719026,0.41386206793038366,0.42134743531678165,0.4227617141010241
58,0.34053291642694705,0.41402265437627206,0.421257688640257,0.42173008078548646
59,0.3375546278798939,0.4140102119257833,0.4202606021368612,0.42255506186894665
60,0.33181619679845076,0.4139195556526844,0.41978000571728386,0.42205220160155377
61,0.13048956868631198,0.41414635860425014,0.419334577518535,0.42241544598195774
62,0.1456461811413086,0.41422325746101946,0.41945978884841906,0.4225278266987722
63,0.12801597791981523,0.41450234997402957,0.4197922704154721,0.42350350842107715
64,0.12461825410715964,0.4146853224622918,0.4199892159137765,0.4233529585555914
65,0.13854475719407533,0.41471984723676625,0.4205110942151029,0.42410608168717107
66,0.1314433324287679,0.4149995888186333,0.4207416148116249,0.427635012848948
67,0.1321442183054976,0.4151669982501665,0.4209754785679458,0.4279854814694586
68,0.1327966835044947,0.4156444018956722,0.42101989999721856,0.42826630980581487
69,0.12997312818793472,0.4158208211823138,0.421222230354131,0.425934112334392
70,0.1257502329066092,0.4158946202423549,0.42150903683586094,0.42630500345840033
71,0.12590277412823123,0.4157702846917223,0.42433174454907185,0.42529120688161043
72,0.12418970332332038,0.4157697053111521,0.42509245120707334,0.4272720200043506
73,0.12494672361241833,0.41604861978998897,0.42570937382785695,0.42825108744579193
74,0.12385625974955465,0.41646474613581824,0.4261004641056386,0.42802913322079034
75,0.12397727666080857,0.41653692658585834,0.4259530327804763,0.42799955187608185
76,0.12482544709606072,0.416712592697782,0.4257722634616816,0.42792054339115154
77,0.12811213560908838,0.41664630198203045,0.4250194200020975,0.42714513056992004
78,0.1284544663218116,0.4168218728036695,0.4247649400809198,0.42760699351219883
79,0.1351870991156582,0.41701198183991023,0.4248634763664048,0.42871726683100825
80,0.1353212900050651,0.4167484513963038,0.42489165524031536,0.42754090640230596
81,0.14574648118875316,0.4166525478138717,0.4253729181019242,0.4274745212439867
82,0.21365934901644937,0.41696646287897404,0.4263869761995096,0.42670076642678556
83,0.2187257436211517,0.41661355863905697,0.4268925873958524,0.4273061714784577
84,0.20661254536717116,0.41720844288176195,0.4274439890336959,0.42716417787527067
85,0.2644548771583853,0.41727452536787035,0.4281356464293795,0.42847797198554816
86,0.28585193569605666,0.41723549068778326,0.4274695789662722,0.42783788301750353
87,0.3804497702974181,0.4172029293477563,0.4276680092901962,0.4280288338720791
88,0.3854139534314505,0.41715255447053123,0.42778594478059745,0.4281697826409225
89,0.38557071666196036,0.41710320038070436,0.4281546527094321,0.4287409383923498
90,0.38819767883721146,0.4170435591476144,0.42820257277053686,0.4284977465351766
91,0.38802443455045094,0.4176729314632601,0.4280927407121602,0.42831207764690105
92,0.38807766927355514,0.4180348532198252,0.42775963681812534,0.4281742739672181
93,0.387008989694325,0.4181957822892801,0.4272665142906312,0.4297629643982277
94,0.389275179652807,0.41808468073393995,0.42643948703038287,0.42660682187726384
95,0.3893363123721223,0.418063060823981,0.425147645028466,0.4273333039418454
96,0.38939261446020645,0.41815577485063854,0.4244990629707207,0.42936000610184033
97,0.3965376122293894,0.4186700039134412,0.4245170578759922,0.42893146564183315
98,0.39993184153175493,0.4180103853747342,0.4243179676976302,0.4289241522975735
99,0.40050890611119416,0.4185152125196608,0.4243634088100438,0.4305777347144221
100,0.4023755713580963,0.418347098527128,0.42488585970842985,0.43112515552846903
101,0.40258992388522963,0.41839360812634513,0.4261455465374128,0.43095002898337564
102,0.403756903278248,0.41840283927588046,0.4283403105341289,0.43145998656180623
103,0.4039379005998661,0.4184494404451823,0.429404048675949,0.4323190444926911
104,0.40344175675904087,0.4185607222978571,0.42961887811570243,0.43137313562856283
105,0.404219647430459,0.4184680346167082,0.42969280959689526,0.43047924539025445
106,0.40423756354081286,0.4183640799987807,0.4297155931266317,0.43097498575338555
107,0.40475531581494195,0.41858493789062545,0.4292873026955018,0.4308592291002052
108,0.3084787165637126,0.41900634637831574,0.4292258774024668,0.431618797922848
109,0.19288922788425805,0.41893432516719264,0.4291220659020004,0.431233459928649
110,0.17768736386140477,0.4188819441852275,0.42902602274630375,0.4308255945217109
111,0.1717156979864515,0.41898586344748306,0.4291455975745769,0.431466679754854
112,0.1681903384064537,0.4187890185605137,0.4292490885097206,0.43171738044605157
113,0.16854719553708528,0.41897359150990054,0.42965620234411844,0.43196988564651234
114,0.17023916986823218,0.4190279136443856,0.4299331674958178,0.43303536396487274
115,0.1695576617097732,0.41886272026645543,0.4299569467343201,0.43341796384567016
116,0.16904020232519767,0.41847544552448146,0.4302156116662667,0.433572748961938
117,0.17017157650824752,0.4182343132212844,0.4297498691169769,0.4342474705973361
118,0.17059494430607305,0.4180621498077596,0.4298146411892322,0.43448208993457443
119,0.17059471490727665,0.4180771608112212,0.43017162212489657,0.4343395488854195
120,0.17119089921234484,0.41809032194462387,0.43013348940152857,0.4344787896791503
121,0.17240242990478089,0.41830976917302276,0.4297911110232539,0.43438819926063804
122,0.17165063234762354,0.41812094997476273,0.4292792424003809,0.4341739349773241
123,0.17286961210164611,0.4182468673026619,0.42971895430122975,0.4344361006173076
124,0.17446427135667497,0.4184505469240672,0.42973931439909,0.43398998162414504
125,0.17499596936398812,0.4185690489864622,0.42965534658219623,0.4341645322147152
126,0.17650065993409475,0.4187510438268879,0.4295743417145616,0.43047267575510095
127,0.17666922030891583,0.4184725078300805,0.4296619576766283,0.4326280867195663
128,0.17865653417391153,0.41854344460983367,0.4295925667525142,0.43261592575432467
129,0.18120092068697857,0.41840016153837445,0.4290148035008524,0.4325082076124781
130,0.18180543465723112,0.41818294119916155,0.4285036987163694,0.43165436114198047
131,0.287837562142004,0.4184158111069829,0.4287463231096928,0.4322697727375523
132,0.28962818244419,0.41835905151583574,0.4286966654061285,0.43229527636301573
133,0.2920772929574785,0.4178052896994703,0.42876079377183957,0.4325593828932281
134,0.2982552693436429,0.41844606028914494,0.42837906582762925,0.43235871565640965
135,0.29899664447662455,0.4185036088885806,0.428423255939429,0.43245847747337113
136,0.33823403161275667,0.4188853329109211,0.4278285428286873,0.43178003468721027
137,0.4039005296010705,0.4190673837226063,0.4273671776714854,0.4311131422083386
138,0.4076046511104365,0.4189763226968649,0.4269101575317066,0.4307264513130793
139,0.4229959066683046,0.41915419727176195,0.4273568655719412,0.4305479787153485
140,0.4234012969637933,0.4181025812221967,0.42748185593374105,0.4305409336794886
141,0.4236680515724625,0.4180885023878494,0.4275065640535918,0.4302986003863617
142,0.4194523365258268,0.41776504473785914,0.42765574307656123,0.43014273692087185
143,0.419406351675255,0.41773917740164884,0.42761972030957696,0.42993637370814153
144,0.41948165812770133,0.4183194802988189,0.4270789306274258,0.42843582692869264
145,0.4161260130409655,0.4179819804917885,0.4269201813003243,0.4324915187389953
146,0.41631149537862283,0.41758598880096326,0.42681746641057045,0.43287864316449093
147,0.41909398213159527,0.417792513133232,0.427015547989616,0.4334136283222877
148,0.4197349493588766,0.41735029186144207,0.42727418813486834,0.43387800280176175
149,0.41973602081252465,0.41782142624766017,0.4267338123191802,0.4340822468988204
150,0.41975406862297915,0.41834617069859653,0.4264673346150081,0.4343655856705489
151,0.4198338811309649,0.41822111955369345,0.42610733073628865,0.4344490170112455
152,0.41984096329935305,0.4186864416039026,0.4254803541982107,0.43452586895792006
153,0.41999221921440627,0.418181838684184,0.4264258082950268,0.4349360333433296
154,0.42171065353276777,0.4175891122015866,0.42674326426765485,0.4348582444631551
155,0.42174691685029847,0.4177858343675345,0.4270499010130696,0.4352484467531365
156,0.4207406675532897,0.41776044480902896,0.4269278023317463,0.43391207772984325
157,0.4207322290250474,0.41774478370778967,0.42765109282474767,0.43428358524581473
158,0.4210719383911221,0.4181237435193526,0.4281215760942236,0.43432293316145076
159,0.421165703311816,0.4173603965634639,0.4284577300531858,0.434592582816243
160,0.4046636222589624,0.4164654143912105,0.42884438966553445,0.434961966783697
161,0.41326254830051573,0.41581179252663836,0.42903080183524644,0.4351306120728639
162,0.41132925131282627,0.41619203789965037,0.42861018691325303,0.43502164144205635
163,0.3919366632504938,0.41627320566456233,0.4293810377138777,0.43507221095391513
164,0.38555707597267214,0.41501681501924076,0.4294297404940318,0.4359189991459974
165,0.3891915904513559,0.41508495280901037,0.42970984005938084,0.4359121573729497
166,0.3880432501543569,0.4145558299118414,0.4300122764009234,0.4358049436924952
167,0.38849599947705316,0.41359409330598695,0.43053542012678486,0.4353795146450366
168,0.3910752840736988,0.4139956844571586,0.42997539849196004,0.4353721831567671
169,0.3917443535222241,0.41458856966338287,0.4296059132553953,0.4352156367516661
170,0.39256434611458774,0.41464498639234487,0.42943310085819497,0.4347427301025276
171,0.39232467316344705,0.41536990193492423,0.42947517079110703,0.4347598473124163
172,0.39667289271711165,0.415609694391889,0.4297556633392893,0.4352686536632519
173,0.39576324953799497,0.4155916595610374,0.4300594130766853,0.4352144512016346
174,0.396049983248992,0.4155531918684502,0.43008711361655994,0.4356643306659168
175,0.3960358287037247,0.41555151121577155,0.4301369896921776,0.435663731908204
176,0.3969376657290729,0.4160735644663901,0.4298434770984213,0.4364598098749509
177,0.3908904346967197,0.415138319183208,0.4296778240096898,0.43626986052200567
178,0.37908042259279934,0.41523242132566235,0.42994980438119773,0.4346849518063823
179,0.3866978000359311,0.41528933901651216,0.43057006797229586,0.43454040002715616
180,0.3872172675824237,0.41502297011798267,0.4308058187714711,0.4350749407274275
181,0.3806442415069889,0.4150782982162593,0.4311573141865264,0.43575412290103543
182,0.36372399831177143,0.4140865361517679,0.4312694908721276,0.4357521440021318
183,0.343143276882881,0.4140867999501072,0.43164813058376766,0.4359310722497385
184,0.3462398402586799,0.41427699293759496,0.4318418548994511,0.43615103868105265
185,0.3363986701343834,0.4143684919982128,0.43188689116972623,0.4360687095663815
186,0.33060775855792524,0.4140595387797946,0.43326094145708877,0.43687273079156863
187,0.32985649822699953,0.41574644957654455,0.4334968438781125,0.4373444922466972
188,0.2330131894279193,0.41560530344284763,0.4335516268336269,0.4376978349637686
189,0.30326141926064293,0.41596083935866746,0.43357310268293836,0.43756572489262724
190,0.17316558047106909,0.41586524069235775,0.43374142908617797,0.43650907590658533
191,0.3520532871051074,0.41515246031544634,0.43365644866922415,0.4364407594425669
192,0.3527613252386411,0.415528686920259,0.43364529489449244,0.4358208291733738
193,0.353370721704551,0.4145361167378243,0.4345374789506964,0.4358073769505044
194,0.38239975912222457,0.4151014814736208,0.4347478455742546,0.4367009962273023
195,0.3808307653427662,0.41615774434142755,0.43496074974554416,0.43677424788407465
196,0.395388350843003,0.41696722561023236,0.4349279354745114,0.4367499693399577
197,0.395963046551028,0.4192302365241696,0.43477217168624294,0.4365765448795412
198,0.3948528948666827,0.4192222417249913,0.4346462817150722,0.4371525878209884
199,0.3983315487409644,0.4197352392481756,0.4342378376251648,0.4363195899919437
200,0.3983913215830002,0.4197816046006743,0.43407534230551215,0.4371711627362829
201,0.398528001779336,0.4198998715981835,0.4341116488886075,0.43709505291800366
202,0.3986222724905782,0.4200310148774265,0.4338782896344973,0.4368912751747624
203,0.4021078574852121,0.4210495015614738,0.4341314327137888,0.43714306466114483
204,0.4019173676096389,0.42076508453411265,0.434577237017021,0.436910099879431
205,0.39725750178371666,0.42099681195635047,0.43510172727317425,0.436922307545799
206,0.3967919610706236,0.42134584699240835,0.43527784679393794,0.4368948378797909
207,0.3937573657674525,0.42019145350784204,0.43549290929084844,0.43699936967276143
208,0.3935594270768756,0.4204367537238672,0.435866585251178,0.43721016211435126
209,0.39414696916951847,0.42034668609649456,0.4358004537635019,0.43718893581325274
210,0.39435301749474294,0.4212043243995665,0.43562965879160326,0.43713635468975276
211,0.39450204555175783,0.42129061557707154,0.43582697569704065,0.437047522560815
212,0.39450611063677277,0.42104892728822785,0.43573193940340854,0.43726119193051555
213,0.394548828070547,0.4217127385918363,0.4357182000586286,0.4375300708183785
214,0.3931470351514716,0.42187776821514816,0.4361883104725615,0.4374505528427221
215,0.3932173681160802,0.4217938010110053,0.4366283023258414,0.4377534917487719
216,0.40024520702843924,0.42173233633987134,0.43666117763607476,0.43795253291793235
217,0.3689912846057144,0.4217809050388384,0.4370141726108596,0.43859592435854555
218,0.2739870625146285,0.421687533556973,0.4367848528821355,0.43798444140186343
219,0.22576460722487202,0.4217570015211646,0.4360838062807993,0.43710347567723723
220,0.2898199545765189,0.4218575861921713,0.4361403903722966,0.4361147288851925
221,0.3965538169414511,0.42174932303024665,0.43522703487790215,0.43620380774826806
222,0.3949208554693275,0.42259406043049585,0.4351270005458119,0.4357119459260566
223,0.39737175071261466,0.42316138053884983,0.43454088325634016,0.4357743415290774
224,0.4002436253640101,0.4230568484772812,0.43439574346482557,0.4358811485399843
225,0.40149217950688026,0.4223130381167261,0.43425030443113055,0.435925085310802
226,0.4159543345708665,0.4222823380559324,0.43419212172229193,0.4360568349628342
227,0.41619737516538935,0.42222942333617686,0.4338506322174792,0.43522356787058736
228,0.4205832300710841,0.422266777942374,0.4343321964433804,0.4357397397561238
229,0.42049360131114727,0.4221580999009949,0.43477453871022287,0.4355032198638798
230,0.41685393401016724,0.422270243932381,0.43465036786115846,0.4345019589852894
231,0.4168538385654506,0.4222681587585974,0.434745125818255,0.43384522325495284
232,0.41672701593354866,0.4224316583945069,0.43468871467827747,0.4328867789020399
233,0.39706212078375475,0.4222725984910549,0.43482055128214375,0.43266202921941405
234,0.3993262623621365,0.42219017017075655,0.43480195607118916,0.43318284191195094
235,0.3994421928283816,0.4237121623060236,0.43520126201987974,0.43194173070759284
236,0.3993485554616839,0.42382362844516186,0.4352369957524733,0.43257288110745384
237,0.3996756199979062,0.4247433200184084,0.4351040127163764,0.4331533467567625
238,0.40372950508313643,0.42480020959165404,0.4352762990036947,0.4331724294077209
239,0.4048723159393976,0.42432166040997615,0.43497003274700596,0.4326922995442945
240,0.40472019714825336,0.4241568742088093,0.43472228625354126,0.43422863308785226
241,0.39665705876812013,0.4242353763706443,0.43484319105445796,0.43424963107936704
242,0.39652398243353626,0.42441256795681187,0.4352075776707643,0.4344143414140753
243,0.3909932271218159,0.4246050810568577,0.4351894668783166,0.43479505359889165
244,0.38114998742293477,0.42456974544473197,0.43546590332034224,0.4348579214060094
245,0.37814837144692,0.42462983497668355,0.4355036474717092,0.43466667329507946
246,0.3782372355699758,0.42473383153643934,0.43553707795659896,0.43449552026591226
247,0.38079479590532517,0.4246823870193706,0.43554931832076943,0.43449737363470065
248,0.3809660337398745,0.42432877843151506,0.43531066123643836,0.4345717434250081
249,0.3815631530672905,0.4242462776787728,0.43529694341481073,0.43450894786703026
250,0.3817892568260325,0.4244125239508368,0.4354509868010451,0.43466097857177266
251,0.3966899074840487,0.42455167380758685,0.43532533122315686,0.4342851813768658
252,0.20614830586883243,0.42227450429918945,0.4354201688449036,0.4344180062339418
253,0.17334011668486016,0.42220798635222295,0.43568975467208815,0.43427357084777984
254,0.16532542670425182,0.42177403778338135,0.4356146842089081,0.43453665097926386
255,0.16228641914925376,0.4216046505110709,0.435526356127736,0.43461988757735603
256,0.16146639078405253,0.42133583261860175,0.43529023704779446,0.43426130597723983
257,0.1617907844967058,0.42080967461636065,0.43515090347496266,0.43485902237622437
258,0.16204801718076756,0.4210124407739699,0.4350235226916033,0.4350471312749363
259,0.16241992208077854,0.4209201750144262,0.4350253126901054,0.4352738160759415
260,0.16553083461844587,0.4207319202643847,0.4349082600786301,0.4353037324440757
261,0.16683340928237889,0.42032980952764704,0.4346752398177152,0.4352221581362799
262,0.16190825747197102,0.41999606393125827,0.4349425030066671,0.4353261181846667
263,0.166847537137322,0.41990025662289643,0.4353835835699498,0.4352189497143369
264,0.3025584311266651,0.4200659827600322,0.43548886807279374,0.4353409432858791
265,0.3041446435641198,0.42007701992011853,0.43452796559895485,0.4358056256405771
266,0.3047399404756652,0.41994154343452605,0.43402566901613643,0.4356572717002984
267,0.41433037404745476,0.42015420423666133,0.4336913706182139,0.43554631455009174
268,0.4143456472796011,0.419741090597336,0.4328873911248883,0.4354014565835522
269,0.4142385007678439,0.41975659493035206,0.4324722969833762,0.4360386184259538
270,0.41409979390649443,0.420119366347773,0.4322490644456137,0.43580509665257167
271,0.39835531643710403,0.42024237113568186,0.4319144305494645,0.4347252673536668
272,0.39842278293826033,0.4202115574442351,0.4311402429674408,0.4343169929420027
273,0.39876168910775756,0.42042534383037056,0.430934092316972,0.4346871503475328
274,0.3992235271711922,0.42039840071076906,0.430250768064183,0.43395193867431514
275,0.3994063856448243,0.4201053624080452,0.4301977551368567,0.43428080476058667
276,0.39932459474802534,0.41982233908170413,0.4298920832099048,0.43472729200641835
277,0.39816593757691543,0.4198303506289169,0.4297639623609716,0.4350278463082218
278,0.38295443362679465,0.42139131190563095,0.4301818386442069,0.435419014644711
279,0.3954189742349801,0.42098324185362296,0.43032710329213114,0.4354410168520353
280,0.36980420147502385,0.4210819050286919,0.4303810564224735,0.43554206035736415
281,0.21043155212778372,0.4213442120226681,0.4300988920205951,0.4352310516591696
282,0.141631834926087,0.42104479796850847,0.4307698371601039,0.4353391681442817
283,0.13161749902410055,0.4214204146172856,0.4311935924222465,0.4357543875625789
284,0.12883234236651958,0.4214070706634185,0.4312758615058403,0.4357034196828938
285,0.12772881093158142,0.42123332850894396,0.4314252975764949,0.4358110974769054
286,0.14756606011096995,0.4215492866621914,0.43165606053880506,0.4358065639997008
287,0.1495417538383452,0.42164584088822393,0.432454261938908,0.43626611330340104
288,0.15099553006086125,0.42182164383600323,0.43209405267548157,0.43577965467374996
289,0.15172068097962485,0.4221286205255425,0.4321935071462272,0.4354129440336347
290,0.1628846239644938,0.4221799405628797,0.432359349261362,0.4353249153375683
291,0.20101391919912898,0.4224180273619866,0.4325156130145675,0.4349428184006116
292,0.22125923492483968,0.42183834721880986,0.4327934435628321,0.43487220355715384
293,0.22286178892481942,0.42223187888032226,0.4324702659814289,0.43430727662823687
294,0.24265346258439097,0.42244496229380707,0.4326262161835856,0.43371157472521027
295,0.24750719839468693,0.4221912637917283,0.43306660599460345,0.4345186882974341
296,0.23121693909799163,0.42212977767731347,0.43321325056678356,0.43470568023191475
297,0.21382313569594702,0.4222283059743628,0.4335988736171973,0.43555827617007364
298,0.23977381363329345,0.4204293921867097,0.4341751751319547,0.4357644162940438
299,0.3222851525672171,0.4208603544826107,0.43438203714308515,0.43582647724290446
300,0.32267443561469866,0.42089983381503565,0.43445823242407855,0.4358929913029594
301,0.3029147509999976,0.4208362928529541,0.4346478119181915,0.4358122420092661
302,0.2620270779141988,0.42334960238654584,0.4347865023251047,0.43551704353116405
303,0.24184660342930614,0.4231503403332651,0.4348643394977431,0.4361304039965053
304,0.2297277750485763,0.4231635895540638,0.434999912182291,0.4364745002286821
305,0.22394293011165128,0.42301962491894274,0.4350294708874229,0.4364666599233925
306,0.2280963800891646,0.42329127374805503,0.43498980334799264,0.43659094185542346
307,0.1946741217686851,0.422989933912575,0.4348319925522561,0.4364459355394261
308,0.16821185659981072,0.4208904402081765,0.4352586643644259,0.4364893069006954
309,0.2660970610133613,0.42111814085409,0.4351832850628122,0.43648943046124744
310,0.29643455444302125,0.4210434830807687,0.43540114975240224,0.4366229099944177
311,0.30601511739474463,0.4210187802879432,0.43562765287923816,0.4351052513579918
312,0.31251180011164287,0.420852818329912,0.4355659816750029,0.43424902416805544
313,0.31161159106311365,0.421069138046541,0.43549157471013056,0.43434575732808317
314,0.3086373723938926,0.42135402237488917,0.4356362088440677,0.4344918932304838
315,0.3018812871070239,0.4216118157051088,0.43633852523762584,0.4352434950506318
316,0.2973114978830205,0.421654903278477,0.4367945603153867,0.4349569068771235
317,0.2972983503222798,0.42121122812048967,0.43701631384661355,0.43492673125301223
318,0.2973104423710637,0.42134808459781725,0.43678634749018885,0.4350239206840762
319,0.2959421663894615,0.4215078339458385,0.43765025710331146,0.43512706921358435
320,0.2871726480558288,0.4214239088663865,0.4376003011448942,0.43674876235958854
321,0.2893564415051567,0.42140246371787926,0.437827953749462,0.43711908679113287
322,0.2743736683882464,0.42129818004794023,0.4381190817358739,0.43679148390915634
323,0.18469516912911063,0.42123829625458314,0.4382582358495748,0.4366538809582057
324,0.21030927606718794,0.4211998875890426,0.4383861132560086,0.4357944107278559
325,0.14533947384827592,0.4214185091999916,0.4384082074217116,0.436294678820352
326,0.16682227611923933,0.42148663765812017,0.43836502511273046,0.436019045302435
327,0.35883938099207663,0.42160400422342953,0.4386353726696876,0.4357761214805292
328,0.3679607653373506,0.4212529484681064,0.4385720106352954,0.43550219817179203
329,0.37042009025248324,0.42101851363504106,0.43874512802826926,0.43682987306480464
330,0.3891248515787849,0.42088304736332266,0.43914428209503126,0.43811242642616577
331,0.39426141164926637,0.4208862444760972,0.4395770457286932,0.4387205202746119
332,0.39492124621655333,0.4209681540173945,0.44030966158579865,0.4382518506162713
333,0.39514330016722765,0.4196386544987844,0.4402102082142212,0.43910240007939827
334,0.3952318951783051,0.41973542193578284,0.44054577938526013,0.4391814957917286
335,0.393206290134909,0.4199853656850473,0.4405515482364476,0.4387948844555798
336,0.18175034938394682,0.41962514315616467,0.44076817167246063,0.439237266168777
337,0.17254479150133173,0.41909637281367906,0.4409243128430373,0.4399137300946447
338,0.1637764518067831,0.4193640741642834,0.441168478081139,0.43987227507054905
339,0.1603542441391993,0.41938442238569096,0.4413931094761421,0.441711885331662
340,0.15709935580912926,0.41939432670512455,0.44127134649206035,0.4415955531407936
341,0.15624188068255127,0.4196471496206613,0.4411293786231788,0.4413556861527236
342,0.14969857102343975,0.4215584730869109,0.440856943006127,0.44130165027108176
343,0.14618598726484233,0.42124789859730244,0.44070328676450427,0.44153749236809364
344,0.14460632055874192,0.42141731025573476,0.44065033354279776,0.44166323892046294
345,0.1425846523889244,0.4203795326802443,0.4407885806071693,0.4418560789080365
346,0.1413764381733763,0.4200193731049231,0.44065033522595337,0.44167052926085787
347,0.14086396309828453,0.41998187010900007,0.4401375249331789,0.4391875536492083
348,0.14120467675406648,0.4198986454277383,0.4400313793405026,0.43916638960628407
349,0.14140305090450805,0.41983966319473137,0.4392961474408732,0.43901308011331547
350,0.14356737137404177,0.4202771851392437,0.43890178204858077,0.4384747151331244
351,0.14368587859298887,0.4205517596293276,0.4385393841718029,0.4384301155411328
352,0.14368632042716117,0.4202571890024757,0.43905533469753116,0.4384839349000366
353,0.14435367326752924,0.4202731631240975,0.4388776239137589,0.438561205624581
354,0.14447909712383206,0.42039153885069763,0.43894219989644156,0.4388867007996167
355,0.1458058753300644,0.42036653412319674,0.43890176737940634,0.4386930334170736
356,0.23170290478461456,0.4204031328208065,0.43888141288070837,0.43945092386104057
357,0.2402357458968054,0.42031343393484083,0.43898546336129307,0.4397193701216973
358,0.2443470380994869,0.4205970539551903,0.43902439707560303,0.43971949275322264
359,0.4149520201005402,0.4206346074128174,0.4388792689448227,0.4399069902899687
360,0.41551339588128344,0.4205123423632541,0.4383591802938637,0.43987712873551504
361,0.41394817172370624,0.4194996571567337,0.4381954360734757,0.4398826166897583
362,0.41395223861422736,0.4193929567705038,0.438165199228518,0.43993151303281575
363,0.4077345204426122,0.41960031404568415,0.4381712674268675,0.43981575450266464
364,0.4077675161998641,0.41952906361764214,0.43810235538183645,0.439791586277979
365,0.407641694581296,0.4197561906598107,0.438139436166649,0.43973377432436195
366,0.40120310006175064,0.41988638555290325,0.4380309046036213,0.44037405414478303
367,0.3823723046136904,0.4202688498225744,0.4380352127512501,0.44015078796249246
368,0.38269080822112966,0.4195827353263473,0.4378251148330127,0.43964167500728707
369,0.38285567587076935,0.41978722667073415,0.4377975078124298,0.43962016442202384
370,0.38417569197225737,0.4202592510957341,0.43738607236747995,0.43929190783479694
371,0.3826559366952373,0.4204720683070026,0.4372328668798143,0.4398067591614128
372,0.38411364646572926,0.4200575593685729,0.43703941395719076,0.4397424244428066
373,0.37930673987977453,0.4202555193739988,0.4369383291098426,0.4398813267642733
374,0.381192266963984,0.4203431827227329,0.4368413843811842,0.439829071590535
375,0.38004955788924927,0.4202558759594046,0.437047444903562,0.4399113141042758
376,0.37474912212494493,0.42032316565244243,0.4371493683374548,0.4401193656432809
377,0.3766545025088978,0.4203631047955624,0.437299601251176,0.4400723483157028
378,0.3806506124089699,0.42041029079281905,0.43761716644285165,0.44039883283260645
379,0.380920459495213,0.42047028224375543,0.4375721292570443,0.44081402292914906
380,0.38095297067233314,0.4203256066992098,0.438538884502786,0.44217650181230367
381,0.3811910551799594,0.4201948973712397,0.4392933928316618,0.442449824236568
382,0.39015871901073557,0.41987942306711645,0.43930578255507235,0.44273644548853663
383,0.39045762416933133,0.4197800059189517,0.438898430174647,0.4425315497830079
384,0.39056757414141846,0.41996265410222217,0.4389528532233579,0.4426713185416862
385,0.39061707805057466,0.4203852301306753,0.4388648586312453,0.44308974597250356
386,0.39057556475787525,0.4204358921458508,0.43894620321290617,0.44251353605781063
387,0.3850494437571575,0.4204226168134058,0.4391511211355356,0.4429995941749552
388,0.3852310378300866,0.42027415876549484,0.4392961784714491,0.44317972498092806
389,0.3859632063195703,0.42008532352542727,0.4393528181054248,0.4435610967156323
390,0.38600950313870486,0.4200915006054198,0.4393073525131894,0.4435499309938708
391,0.38118783992781774,0.420052400918575,0.43905894384592786,0.4433157356947106
392,0.36922392774063867,0.42003660379501473,0.4390570217498506,0.44434528028629533
393,0.36157670664258124,0.42064115411977054,0.4391996391646023,0.4439533201429315
394,0.3640774808309816,0.4203057104146701,0.4392438754297144,0.4439312868695207
395,0.35625662877270253,0.420239276458001,0.4396809237537998,0.4435481391383099
396,0.3436372540477933,0.42027465592985536,0.43898667433986127,0.44236655558362525
397,0.3542493245458815,0.42012687907877516,0.4395218521433726,0.44236220290433265
398,0.35981916697825433,0.4200990264842863,0.439578962425839,0.4432073290769247
399,0.3629673482332784,0.4202656076625122,0.44008092537711363,0.4438995044218131
400,0.3508259176184283,0.42419339891925567,0.44033263484540225,0.4438158457695867
401,0.33743117619053437,0.42410403428698856,0.43995314554647263,0.443892179394472
402,0.34244706144034576,0.4238383122942709,0.4397380234022427,0.4439456018393807
403,0.36879724780982953,0.4235504647196359,0.43955663463956923,0.44337881923681016
404,0.3645856332704726,0.42334925532106144,0.43915195081114494,0.44363517322865026
405,0.36525343987899034,0.42380869931696474,0.43920884957332457,0.4439673501251666
406,0.370459944728051,0.42400156407762507,0.4394126239044564,0.44429019530107894
407,0.36451374815058984,0.42393941429741727,0.43952727836612615,0.4441646216071927
408,0.37336363047034005,0.4237779397923772,0.4399878212553743,0.44459904532031574
409,0.3733402510645543,0.42414173203149064,0.44054020920264136,0.44477934980815226
410,0.3724991951958087,0.42424917038164484,0.4408188292495937,0.44473615571973724
411,0.35181724368553413,0.42460288383203376,0.4412011606420055,0.44360449155634185
412,0.3552520458005865,0.4246384011835975,0.44110660913714334,0.44332228010055447
413,0.35559786701223023,0.42447974426168666,0.4410785016451835,0.4434727216928341
414,0.3595151486988196,0.424700667393597,0.4409395110547852,0.44291990204108395
415,0.3627783364153046,0.4245347133769853,0.4411654558427658,0.44307637889440926
416,0.3722406309610427,0.424842225082474,0.44075011700803074,0.4427345238993376
417,0.3729609624938024,0.4288532102126995,0.4404196401949878,0.44387206439505034
418,0.3733160701376026,0.4290425395915406,0.4404708312592346,0.44389377829512094
419,0.37603321440377707,0.4292533223541271,0.4406440254285553,0.44407235227136904
420,0.39283217315780994,0.42875651527496245,0.44071348699941076,0.4429220016217517
421,0.39439018881994337,0.42825563382051596,0.4407285483677795,0.4426315677327859
422,0.3942346671049715,0.4280783821280472,0.4407540397863537,0.4426184762434205
423,0.3948848137066372,0.42804880393946176,0.4405296390906512,0.44265759527211873
424,0.3948428916801309,0.4281852702359715,0.440381241154796,0.44284962038158243
425,0.3948127921690603,0.4281539908865369,0.4400927183411381,0.4431052270350458
426,0.39869635981815665,0.4282889214924957,0.440227604785805,0.4429777232295447
427,0.3944508473411475,0.42837618213691636,0.4400276577639423,0.4428172301605759
428,0.39464114795579325,0.42842731837663917,0.4399960573456209,0.4424131570030451
429,0.39489542564462715,0.4282126367285742,0.43986733732092353,0.44253048101488357
430,0.40242822019058166,0.4279243972925104,0.43970672296031754,0.44243664472606625
431,0.39191736869934896,0.42874974860506365,0.4396523291057011,0.4424970132194744
432,0.38461587230179517,0.42942389992647456,0.4398014701952203,0.4424970132194744
433,0.3911523225061534,0.42956371091062195,0.4399932450421684,0.4426204689165461
434,0.3913210890104075,0.42977398841233344,0.43991249764237145,0.4425326645958072
435,0.39160590118176847,0.4299301810302805,0.43996523155094075,0.441930894609259
436,0.3927501459544675,0.4299769568876882,0.4398575408011112,0.44281464513226027
437,0.4035214594490609,0.429814622852404,0.4398715239635199,0.4427566687099397
438,0.4095861527736154,0.4297024668253118,0.43982273654569193,0.4425727375459867
439,0.40982745118342545,0.42931704141764354,0.4397342021329754,0.44230667183186156
440,0.4100945860570618,0.4297568088483582,0.4397876363504607,0.4425560796910202
441,0.4093534339126143,0.42949182714213074,0.4399871999416045,0.4426305777984127
442,0.4006519353401001,0.42967143950960607,0.44033582483305717,0.44280900538901385
443,0.40072246623751034,0.4295217771047922,0.4404122205187633,0.44265256215654203
444,0.4019402586359988,0.42917462415338664,0.4401637652673062,0.44218680628327495
445,0.3980502666160997,0.4289590571169835,0.4401458769005349,0.44218680628327495
446,0.40430104576822873,0.4289130424717347,0.4405182928017411,0.4422826634601713
447,0.4042970427140549,0.42921954163900167,0.4405835614747236,0.4425240432195545
448,0.4043025660189925,0.4286549232820254,0.4405215036055452,0.4425036660286209
449,0.40481592995017857,0.42802261570583316,0.44058029395869375,0.44236087880696906
450,0.4070770266463976,0.427880929052495,0.4403472383666659,0.4429644328098752
451,0.40608873690031405,0.42793955863368943,0.4400223153513896,0.44264658792706446
452,0.34360015005303135,0.4287587544607555,0.44009732715546024,0.4426773868498849
453,0.376938874533665,0.42844754054268575,0.44005247193653735,0.4426077385601488
454,0.4019238329925691,0.4289818389114606,0.43992755857012283,0.4425004830445085
455,0.40106613366755467,0.42929896465005307,0.4399183355162171,0.44250525194778906
456,0.4013931228714154,0.4296213119494014,0.4400708935026896,0.44192124515112297
457,0.4030295645115424,0.4295103839410739,0.4398388334017174,0.4424867099673653
458,0.3986717931506432,0.42968762218013473,0.4400651204366979,0.4426025173979722
459,0.38764788078132406,0.4295000374200833,0.4399395734719664,0.4427267217703226
460,0.3811761933485553,0.4296884650345818,0.44006823984409865,0.44323535476353787
461,0.38242355980202253,0.42968534598637903,0.44012208332307073,0.44331431352651224
462,0.3825137577648297,0.4293921363915081,0.4407365801798988,0.4431060519922907
463,0.38415395928589335,0.42999197878580914,0.4407427778312279,0.4435164434643295
464,0.3832888158761862,0.4299963202569325,0.4408748506211623,0.44298842611392286
465,0.38326020717608733,0.4297283680902475,0.4415727595669914,0.4438949744475442
466,0.38386044354508303,0.4297550796559701,0.441797603611317,0.4433284066830057
467,0.39358921325372115,0.43004210435001067,0.44183007813480435,0.4435456893343771
468,0.39483145682813786,0.4299761189427688,0.4416336467931551,0.444104341208708
469,0.3981425683073439,0.42958949265313945,0.4416345181443189,0.44315474774003055
470,0.3985836073264949,0.4292222680931061,0.44136169860117214,0.44309885218542666
471,0.4002955057911923,0.42956346024709235,0.4412918555715969,0.44319741326457474
472,0.3916801229104724,0.4288306276723244,0.44129260183757724,0.4432831538063572
473,0.3921812391733769,0.4288000982522093,0.4415154208205055,0.44374587337387317
474,0.3868262911917166,0.4290950227832571,0.4415688324041652,0.4440830816358837
475,0.37476032741075876,0.41682769422363,0.44192775786839533,0.44422447874230686
476,0.3770110779075775,0.41686266611350264,0.44191449036021746,0.44413248324114485
477,0.3770510467435994,0.41702484814340124,0.4418238522571243,0.44435634753443676
478,0.38769392768175925,0.41588562670926454,0.4419283334640503,0.4441994411965336
479,0.39295132618826367,0.41583147190479297,0.4421540113535423,0.44428503213890913
480,0.3897528795494063,0.4165939802624116,0.44230380057868707,0.44428503213890913
481,0.3876366739989613,0.41625252036520766,0.4423733320152709,0.4445344878126318
482,0.38737573093013916,0.41734138097876394,0.44236186160847973,0.4443582320080287
483,0.387512318809674,0.41722575855843774,0.4428881244687184,0.4456773806955981
484,0.3875831715003419,0.4166023427385674,0.442849913335961,0.44502760927027185
485,0.3878561818994012,0.41626071932193315,0.44279142156566836,0.4450460666022921
486,0.38345350215210267,0.415294840057665,0.44303938831047907,0.4447998197619261
487,0.3742076100477419,0.4159092103443922,0.44306429792104435,0.4448340336494165
488,0.37427037477836206,0.4170747330760795,0.44362008125273134,0.44564529841884737
489,0.39504080715865,0.41755750290927907,0.4436943815515541,0.4451197113705556
490,0.3950786169046331,0.41780488213762124,0.4440530351933884,0.4463562517336481
491,0.3950880907838025,0.4187237997551796,0.44408123211938055,0.4465214853335238
492,0.39511563636262126,0.4183991417227027,0.44478488998590965,0.44589383755274187
493,0.3953474005485634,0.4181296401444569,0.4448360950641009,0.44573197984431917
494,0.3956139823974281,0.41786094685362934,0.4445739640413676,0.4452541964064344
495,0.3955942196162833,0.4182412008758374,0.44424827000605216,0.4449656747919489
496,0.3957042999766831,0.4176006315595003,0.44420949519148367,0.4453105957796993
497,0.3956267949871788,0.4171505902715545,0.4441515084382509,0.445283548014167
498,0.39654594544949656,0.41658668511658736,0.4441901688286559,0.4453808197022587
499,0.3966374558068934,0.4170997702132053,0.4440442360810975,0.4453674042055918
500,0.39672181325944667,0.4292076196436987,0.44396038973350566,0.4452487367882789
501,0.39673360831671184,0.4288554006357615,0.44399881240336525,0.4453871072156277
502,0.39710664032988996,0.42985085609416035,0.44454862581684285,0.4457090114959022
503,0.39199625335801885,0.43027647623426907,0.44422534485317433,0.4455859458105027
504,0.39198002956605604,0.43030264241253013,0.44442418414686735,0.44616202605141064
505,0.3908014411051957,0.43054944100161385,0.4451568153099055,0.44628319096155117
506,0.3543721667672859,0.4300007459969061,0.44552639779901726,0.4459618105359618
507,0.3541116312330941,0.429957922859517,0.44557642755974547,0.4460357276474414
508,0.3485872796171673,0.4300886143268989,0.44561512073346454,0.4446881780114071
509,0.35680542596127846,0.43020764219274626,0.44569552643108723,0.44490106687079223
510,0.3749694440651779,0.42926122745045436,0.44576948617104234,0.4452594495723539
511,0.37989837581290165,0.4299425642343504,0.44563808081378575,0.4455540758774201
512,0.3736417718460759,0.43022918812848016,0.44574974244379506,0.44562265452067373
513,0.37370874134294546,0.4283068034009916,0.4453999109958861,0.44563558539428694
514,0.37788374524838936,0.42825588021403926,0.44520438767485354,0.4456281729326787
515,0.37781580493199657,0.42808179221416254,0.44543579325294635,0.44565854383304815
516,0.3704727063276459,0.4273806009741656,0.445655705942753,0.44574787740221444
517,0.3706315426675356,0.42756351259491526,0.44605033635623004,0.44595309759626156
518,0.4039613149730316,0.4272983838603107,0.4466174308665218,0.4457138709849295
519,0.3861894831203214,0.4282575260889479,0.44693202416160915,0.4453350508091339
520,0.3597255642809126,0.4281306097665065,0.4472784381477159,0.44534747918184725
521,0.3780657982954705,0.4285545516371275,0.44703071791911386,0.44558711005553425
522,0.3595668597586085,0.4280303081279457,0.4468697003161121,0.4457442550399112
523,0.38824588501940444,0.4285704520063302,0.44687219314500115,0.4460854579851203
524,0.39589181353720376,0.4289544005460622,0.4470377844856496,0.44633788694819804
525,0.33425603035758245,0.4284255514606538,0.4468699151562501,0.44602956007221767
526,0.4015761214105926,0.428002093704878,0.446896179685119,0.44621665705463975
527,0.36248927744106263,0.42859544589138815,0.44657233660951645,0.4462131035665351
528,0.3527842221291124,0.42733709697458433,0.4466357372296021,0.44622370376237275
529,0.36222435089300287,0.4275628448959649,0.4466280139611005,0.4464007190142258
530,0.3566918504216459,0.4277884167108072,0.4466119893828646,0.44639258938470916
531,0.3577431863266268,0.4291511018789355,0.44647379165868234,0.446215159129501
532,0.35800015050039896,0.4290286463655125,0.4461744690434064,0.4457398886525513
533,0.3594346850178938,0.4292113525940344,0.4457203020620189,0.44443280574790917
534,0.3596008936249927,0.4292435523801634,0.44608654481372867,0.44462223352227254
535,0.3599725903276616,0.4293220962850339,0.4462122278472433,0.44490979977007433
536,0.3601087352900065,0.4292330947695697,0.44613200831128363,0.4451043873352072
537,0.362039854118496,0.4294784423793435,0.44623280335396104,0.44520312410859486
538,0.363177731732758,0.4295197417756465,0.4462531900975623,0.44444564729413305
539,0.36866458116761935,0.4294730814817273,0.4458910252425418,0.4448793563114789
540,0.3815975551211832,0.429583932590473,0.44575620548889433,0.44520712737970336
541,0.38156605331620386,0.42936004700711633,0.4454438354588159,0.44543883402229745
542,0.39717048672614563,0.42928164555949716,0.44566178167520276,0.44512043940801066
543,0.39623026973164827,0.4294412593068991,0.4456389186355822,0.4450630653947959
544,0.39702383711002814,0.4297835002600211,0.44547703616425033,0.4450818176734365
545,0.3969747942468035,0.4298149538994237,0.4455394911292889,0.4451043834692041
546,0.3973227910368846,0.4299105398201013,0.4450897459579304,0.44533765964943106
547,0.39738650207800286,0.4296809149137387,0.44457148794613055,0.44533730703556323
548,0.3969004996907344,0.42938484810253763,0.4443579230533256,0.44408944808687517
549,0.39678989881839716,0.42945229839440235,0.44402948816697874,0.4450597263740224
550,0.4014136936963808,0.4300478069844286,0.4436878131691177,0.4452656826686306
551,0.40270318175215625,0.4299871069052622,0.44341897437598216,0.44527172968377776
552,0.4028161429838872,0.42995226530292213,0.44330792102781297,0.44594162684896943
553,0.4027024525907538,0.4302770832641722,0.44292378019559264,0.44567236330621374
554,0.40270889244458996,0.4300025710481934,0.44295066572140074,0.44565329959410344
555,0.4016511593000907,0.4299808762131944,0.4426112571129542,0.44553180942947757
556,0.4015925340229734,0.42946247959089984,0.44248479585109113,0.445572564646894
557,0.4015158578436616,0.42975550829228043,0.44252320735592676,0.4460536101035329
558,0.4011156629146473,0.429798704520842,0.4425342603992959,0.4459154795221613
559,0.3776905159560309,0.4299887950737876,0.44253339440712713,0.4461988854646897
560,0.34427008235253254,0.4303080636073903,0.44241063740241215,0.44599931839096707
561,0.32908274974417495,0.430281618315678,0.4424047794815909,0.4460292807412782
562,0.33984702431579866,0.4302128803416899,0.4425476877879018,0.44658135353255013
563,0.3367297647438869,0.43053373561020825,0.44327760801151395,0.4468703134695356
564,0.34316240683046256,0.43049763019336656,0.44354888406229875,0.4468703134695356
565,0.344971807708327,0.43054907700656403,0.44382752815796783,0.4469089837747945
566,0.34396183093845634,0.43064924471494076,0.4439149359364115,0.44737995455839236
567,0.3403933045245536,0.4306591272624267,0.44395513190187413,0.4475183387118396
568,0.3382186414466042,0.43084841002609753,0.44387958935152827,0.44744725376460515
569,0.338213611149524,0.43058911304745745,0.4442274532710976,0.4473066641039674
570,0.33554760052648946,0.43055587958172026,0.44433557806070073,0.44735509575479115
571,0.334176596624785,0.430664429595408,0.44416769409066714,0.44700921708099844
572,0.3314780915827327,0.4307252821037635,0.4440647755425063,0.44718222044307976
573,0.3379093620682372,0.43096365967296435,0.4444620055363255,0.44715395998363067
574,0.34256723940265243,0.43026511394979383,0.44449987232275634,0.44718152854164456
575,0.34445614505830835,0.4304792737026681,0.4447540361070312,0.4475388123025139
576,0.34473390607869264,0.43009668490226693,0.4447307227556213,0.4475883323113329
577,0.34563256360527383,0.4299714560204381,0.4448260224577506,0.4474565613446753
578,0.35608953989599024,0.43013593128760613,0.44479348997363816,0.4469806710914191
579,0.3557924936277959,0.43031392320749223,0.44482254787651415,0.447200330887833
580,0.35577260488764445,0.4303741300797879,0.4446809093412937,0.4470912045927256
581,0.3578125428020871,0.4295039180819027,0.444625110810686,0.4470359180899109
582,0.3581086919382388,0.4297350608384723,0.44468054521006145,0.4476817683014798
583,0.3612541100440436,0.4295878570731923,0.44499490067774183,0.4481543348757336
584,0.36147658169632096,0.42971866362173683,0.4450210437471548,0.44815188231934466
585,0.36060293840588076,0.42980130914301423,0.44503285091285233,0.44778819625787303
586,0.36230491438810586,0.4299675861746229,0.44492579542723776,0.44787132485810466
587,0.36452625988459625,0.4301464283984285,0.4448742158828061,0.44806750962657355
588,0.40374748828828827,0.43022698764808165,0.4450843326094649,0.4481133491663281
589,0.401667941822634,0.43033678895321664,0.44494094906605614,0.44809093189226135
590,0.40183961702786647,0.4300550152787532,0.44481738675293675,0.4480755130424248
591,0.29428380761828565,0.4300933638493853,0.444904056299191,0.44811872502516914
592,0.16629711581237594,0.4296412816106766,0.44458498417055053,0.447026303022356
593,0.1512495690254658,0.4295798399004868,0.44432397101562937,0.4466308444475001
594,0.14598855199345967,0.42908223439598997,0.4442153993678311,0.4469691257157781
595,0.14478353530265267,0.42954436059100665,0.4441595556181375,0.4469994136530016
596,0.14593605959754105,0.42929643588902505,0.4443559635213868,0.4478763901316351
597,0.14775495171392325,0.429043605231748,0.4442751315307104,0.44766425214022115
598,0.14859131673223377,0.4288317309530502,0.44423362747219175,0.4477491425436901
599,0.1490485365706073,0.42919476328382683,0.4443656436841996,0.4476006483235859
600,0.1501930714312857,0.42929126247149774,0.44432891381748785,0.44773900992042437
601,0.15144320900736302,0.43053894152850997,0.4444844055177512,0.44775081320474175
602,0.150654606550483,0.4311065005205162,0.4443163762288245,0.4477453249196199
603,0.14659288047497895,0.43053108930694317,0.4443206326672339,0.4473389536104261
604,0.14429163429715353,0.4299322382825953,0.44424847555735814,0.4474442143140122
605,0.14457451483757708,0.4296753850833751,0.444377041862982,0.4468583631316188
606,0.1983301330512359,0.42947192149453167,0.4442962188578007,0.4468160879142253
607,0.21356765389758245,0.4300077399409429,0.443652615332604,0.44583372126110304
608,0.2158583884023861,0.42911982501745116,0.4429793237806069,0.4455920435229849
609,0.21685041545144668,0.43099718935329945,0.44284571717665033,0.4453909602436024
610,0.21941160545763763,0.4305918373464777,0.44278945947730286,0.4454769342518545
611,0.21983340594448494,0.43089051915158716,0.4424586929536208,0.4453919157283228
612,0.3759479398892594,0.4302735782391102,0.44288990376482973,0.44622221912359805
613,0.37773083145277164,0.4303892798423161,0.4435423036014106,0.4466042020825399
614,0.41138327998328705,0.4312369428466762,0.443663893965184,0.44577775102826256
615,0.412139828884701,0.43168564736453086,0.44346023583828004,0.44446209084483035
616,0.41254037178079034,0.43156960795347515,0.44341686877832265,0.4446092198439256
617,0.41012840584562943,0.43242631065485865,0.4435908267026228,0.44509906733158
618,0.40865211443950006,0.4320627292650931,0.44339779131721396,0.44528700781505115
619,0.4086874067852872,0.4323811926707209,0.4435504543340393,0.44638142896906247
620,0.4087691785462156,0.4317017755230513,0.4435723124418859,0.44656203336680966
621,0.4087618743207541,0.4315722554623255,0.44339290035345347,0.44659126980266606
622,0.40887472573661554,0.4315397455334945,0.4435618528710232,0.44658097981911166
623,0.40084529284621684,0.43191327706335725,0.443766762020446,0.4465130628298301
624,0.40067367037790697,0.4309465451591091,0.44365179876779964,0.44620128036334517
625,0.40072404614964413,0.4309757581512557,0.44377263800042693,0.4463552827450744
626,0.40203332934186875,0.4312178523691266,0.4436748646386866,0.4464597032017511
627,0.4023606128645538,0.4311258329683714,0.44349912707589223,0.4469235808942031
628,0.40255076693071307,0.4314755630834496,0.4436709565044266,0.4471661713918802
629,0.40446374701354515,0.4313946524955422,0.44382736406096707,0.4454691684473623
630,0.39175759265602733,0.43195298627734596,0.4441354141892053,0.4445888524019106
631,0.3919417189460117,0.43205522424673637,0.4439649497097632,0.44546232562824706
632,0.4015741183964813,0.4324054941337432,0.443832490959124,0.4454617020632643
633,0.4016431072129914,0.4325044455305534,0.44401796589841713,0.44567360727253463
634,0.4032141918995895,0.4322269483066285,0.4439919299300315,0.4464741711214
635,0.41052993335470245,0.43253287508580623,0.4439899798958922,0.4467370294657343
636,0.41084080927387373,0.4322783528160327,0.4441622049707714,0.44698189571975533
637,0.41098705638214483,0.43266526074976436,0.4441147472116312,0.4464665554269577
638,0.41244649446069254,0.4332226732535718,0.44426229029467895,0.4467592791234936
639,0.41224582698503515,0.43305089916131206,0.44414475462338787,0.44675022708738643
640,0.4055247098629735,0.4327994984193953,0.44393431726093957,0.44730597896292296
641,0.40519474308482073,0.4323186722601867,0.4437759366071009,0.4476304437131531
642,0.3919381525260938,0.4324029204630479,0.4437407578999317,0.44761227013529337
643,0.391906873035945,0.4322646247461297,0.4436444897049381,0.445152640732487
644,0.3920818923058892,0.4315097926997896,0.443946323234481,0.44509449628233533
645,0.38817814820929686,0.4311580470372643,0.444274102906102,0.44457659019853163
646,0.3835704640161041,0.43135938831669945,0.4445214262527923,0.44498636934263
647,0.38402265374767164,0.4311703224435952,0.4445618062000581,0.44498636934263
648,0.3873016769476271,0.43108445795971556,0.44437355752818297,0.44534494754059356
649,0.3951510031768977,0.43199083879959976,0.4442607910428185,0.44526406881372266
650,0.3946285197545037,0.4321226596916525,0.44417359931585154,0.44550276720356796
651,0.39344511557186007,0.42564724201023196,0.4439514973529273,0.4452386745861889
652,0.38696435629141807,0.4256067339652513,0.44382345219610797,0.4446963016166326
653,0.38698880484554216,0.4261108285852303,0.4439976196355113,0.4446815181222752
654,0.3547615417801092,0.4266090937932729,0.4443099319081845,0.4453745267186071
655,0.3550428164314935,0.4259489084858829,0.44372682562380894,0.4433475481261499
656,0.3262796505406751,0.42611237646043465,0.4434587389714907,0.44312745472892306
657,0.34506113332113625,0.42579947718835504,0.44326271150832836,0.44328102706907935
658,0.3491364752279961,0.4266359585141049,0.44286410737249887,0.4436913273886424
659,0.36208081647611956,0.42653183457768523,0.44254518747259497,0.44361821255356454
660,0.3705476710279151,0.4266815574680246,0.442330544831704,0.44361892363899175
661,0.3804648755562638,0.4255408063546862,0.44227716904853814,0.44354032971535856
662,0.3640554792163866,0.4256852167219544,0.4421770612659228,0.4436304173936898
663,0.365584010216307,0.4258811170470695,0.4419525173815211,0.443731402747455
664,0.38347887418975724,0.4276484726670948,0.44177136787796106,0.4436220587751313
665,0.4044415649562461,0.42717972283180217,0.44193110118494966,0.44342268880717856
666,0.404567040323086,0.42737103482985783,0.44208665577516404,0.44280099205332724
667,0.405513009167516,0.42568555112787176,0.4421991667821664,0.4433720499703218
668,0.40019572751668875,0.42419658732320686,0.44237630124359023,0.4434096179102781
669,0.412137731796289,0.42459669788292154,0.44234802735086687,0.44346808114546754
670,0.4122506769640884,0.4246135303569649,0.4425727562660164,0.4436543399378265
671,0.41178489683767006,0.42436659706122093,0.44276271727969474,0.4435110445568184
672,0.41148130081171364,0.4247800023353926,0.44280659270322364,0.4434979037831277
673,0.4100419957201767,0.4256804964955585,0.4428225796768972,0.4438358770729676
674,0.4072754741869604,0.42429470223467924,0.4429777911231665,0.44381821837027174
675,0.39570112703652194,0.42454637003847545,0.4430464993353352,0.4437445816828145
676,0.3987371368828562,0.42628565496099785,0.44288583400116294,0.44350955522611635
677,0.3813886278795907,0.4276755445552406,0.44245757067564245,0.44324893643838836
678,0.38206081299286115,0.42924515018021053,0.4421775430905046,0.44328068260582193
679,0.41224152786715124,0.4294835671203203,0.442251058547055,0.44315867394583697
680,0.4119739176186908,0.43018234033489444,0.44220073156194273,0.4434030477674711
681,0.4118418826930668,0.42914000548283215,0.4422105209905973,0.44344624109003145
682,0.41054106224351605,0.42762204980919977,0.44248041022277035,0.4437185798880749
683,0.40461708916448963,0.4266946791796314,0.44227774948247794,0.4434994532491146
684,0.3767462250079561,0.42725767629849537,0.44248089975977556,0.4438551264992642
685,0.37680239603678817,0.42801694206052415,0.44252472146546973,0.4438558785956131
686,0.37663919337502866,0.4284890396639112,0.44238388167971376,0.4440341045432771
687,0.3680983539962412,0.42858589103921335,0.4425227373933106,0.4440277582488917
688,0.3510256381347781,0.4291763972817245,0.44249795799118224,0.44407738174208244
689,0.3527995207470976,0.42921280433344783,0.4426620387018791,0.4443042290592651
690,0.3531616016842805,0.4294901145923527,0.4430961061792794,0.44429441006282555
691,0.3540893735226285,0.42943613826599114,0.44333738782988,0.4439965347137414
692,0.1674984106752828,0.4292217545229845,0.44338858208078497,0.44337523766970494
693,0.17632255970537908,0.42929904875351915,0.4433521791237258,0.4432247987727969
694,0.17632067898174333,0.4295087044694252,0.442935588661243,0.4433160266942391
695,0.18179499532051507,0.42909535814630134,0.44291254014959264,0.4434120814305778
696,0.1497371265249801,0.4289058699489177,0.44280457101743004,0.44296402978873056
697,0.13767007476791138,0.4297492641835284,0.4430426114825747,0.44296596634490215
698,0.13547156471271188,0.4296702352271548,0.4431416802281348,0.4431507654994593
699,0.13465404692580982,0.4293256648014032,0.4431884634037025,0.4431344168458866
700,0.132968920159801,0.42949960211022825,0.44312482970698897,0.4431717524565967
701,0.13224146770171194,0.42966535694618935,0.443249473989083,0.44329221637349653
702,0.14336032423868697,0.4299512128678819,0.44334333682585075,0.44328649249802066
703,0.15931994124649818,0.42965347264892945,0.44304000569021024,0.4433603395633425
704,0.16354030457925622,0.42962089240645085,0.44351323017035843,0.4432630224888996
705,0.1650104814834951,0.4295587837954667,0.44349360659321235,0.4432211616247192
706,0.16821249893517523,0.4287865967631601,0.4437819485607263,0.44343224519560104
707,0.17253039945345,0.43018554897853034,0.4438557592324942,0.4434334525330673
708,0.17133226700929305,0.43111296480616684,0.4438881364424818,0.4436389812144264
709,0.1727748413000182,0.43100364814831044,0.4439514910434432,0.443620002981512
710,0.18295496180111695,0.4308302619036565,0.4437700454151099,0.4436203820244086
711,0.1829923881978033,0.43000751340135646,0.44376798004968415,0.44392718374485457
712,0.18668456184879662,0.42900228182190736,0.44363502818255485,0.44404238445907296
713,0.26544614753210705,0.4287979872177885,0.4437616726502997,0.44409182477768944
714,0.30896563095709356,0.42963681162777123,0.4438542959299195,0.4438510296903886
715,0.3089678855514758,0.4305603024259797,0.44391768816663996,0.4437100002301899
716,0.3445819848259657,0.43121027971380044,0.443936370548466,0.4436685627626858
717,0.36237646546845703,0.43235765394415737,0.4439285181895022,0.44369764826378344
718,0.3655206049447804,0.4306592917075646,0.44419593567388277,0.4442235155678378
719,0.3691586063837224,0.4310810142584974,0.44475318619649634,0.44421700736881026
720,0.37719461286045247,0.4316135441597785,0.4451026962407664,0.44424350809514124
721,0.3689206120050741,0.44462788762881505,0.4452975896372213,0.44486301385289256
722,0.32910786425634775,0.4453358600499165,0.4454305438250372,0.4450338108463468
723,0.3315561260193329,0.4448445387915955,0.44513889957346114,0.4449159254769258
724,0.3647409389869606,0.44484156980200407,0.4452602982345982,0.44484982186801597
725,0.35099840286371425,0.44450440791057244,0.4451748330496721,0.4444904607658165
726,0.32307447375125986,0.44461337175532584,0.44524901513908316,0.44459478118541007
727,0.3013843986612411,0.445024465675985,0.4451330633304455,0.44438131874407333
728,0.28385706679548744,0.4448846790382447,0.4451462128620769,0.4443812165076594
729,0.2733781770423876,0.44408225515323596,0.4449469007099409,0.4431171327927366
730,0.26317232920059336,0.44441326570307377,0.44474293714299507,0.442737308711875
731,0.26444741382564124,0.4443710511372524,0.4446715302038226,0.4428674580050011
732,0.2712513110843796,0.4447880158296792,0.44465363033484284,0.4428773206103829
733,0.3186108104276176,0.4448338952903707,0.4446478394757445,0.44284727535577695
734,0.32090272869818626,0.4449681386529715,0.44496057448964094,0.44347387370863106
735,0.3237772882617705,0.44501839044422453,0.4450361649353078,0.4435862785353367
736,0.3240209091518398,0.44461906005487595,0.44523909388687116,0.443579033568349
737,0.3303760905153018,0.44483359487158597,0.44529867386448985,0.4440638092102563
738,0.33697753803830255,0.4452695097381735,0.4454941895322808,0.4440849634418703
739,0.34176677305158815,0.44561776939767755,0.4459946915753397,0.44477556330227264
740,0.34439103115268016,0.44676090148112757,0.4463686236083053,0.4449776422934087
741,0.34479414259012703,0.44702715454978553,0.44642127935152326,0.4461918949531179
742,0.34602539334053656,0.4472739008574979,0.4464222225446158,0.4461789037842552
743,0.39486328831447537,0.44674070822232737,0.4464596052762726,0.4463071416189789
744,0.4023191134920996,0.44642854523145864,0.4464930391172955,0.44598978684919727
745,0.40234077320064143,0.44642843792887393,0.44612410554869364,0.44549316029470126
746,0.40280308107082463,0.4465314979235087,0.445600425131804,0.4456088753218873
747,0.38917250944372195,0.44649277847165275,0.44555514896975185,0.44620260499823183
748,0.3901750719554379,0.44639870810273075,0.44570674594181514,0.4441738889375511
749,0.39769235210318044,0.4464334566343605,0.4456994835223337,0.4440725626539941
750,0.3979541018771608,0.4466613994567812,0.4457725420896788,0.44398880276164054
751,0.40640671165094566,0.44647542191857464,0.44574465599679675,0.44399553373094025
752,0.39415455942878425,0.4465231283080718,0.44554682250715366,0.4442031324476388
753,0.38385643914814993,0.44655099975290913,0.4457251315800317,0.4449317420238695
754,0.3516706113087433,0.4465542050511411,0.4455528185765028,0.44441930056985296
755,0.36074912837181955,0.4467433647489737,0.445776716779379,0.44475976643801735
756,0.3631502538976701,0.44700642126716095,0.4460241782031328,0.4448691958519264
757,0.36322913688202246,0.4465615234623473,0.44598205445791356,0.44556398590597773
758,0.3674160974765684,0.44660956848816435,0.4459911128797248,0.44508813026654404
759,0.3359002985059978,0.446588547846895,0.44589736556905446,0.4450510814182131
760,0.24281206566069535,0.4465161265399873,0.4454813895228888,0.4450356081418807
761,0.22550025154480985,0.44639950892397234,0.4449933845471985,0.445078302231508
762,0.20631799712879378,0.4468213294518226,0.4446651694011104,0.4452009253411068
763,0.1958546336000325,0.4466572530748478,0.4446778456458492,0.4450676853839897
764,0.18711233642572977,0.44693697966031154,0.4450746505031971,0.4452818581096101
765,0.1825573155539885,0.4469273037312192,0.44538710112993807,0.4447346837827893
766,0.18145296950732454,0.4468518029070928,0.4455223773191194,0.4439241128903309
767,0.1731411682731148,0.4468182806656059,0.44539803281252827,0.4440473523285044
768,0.1742946372419184,0.4468194608545402,0.4452629676148488,0.44406935696924144
769,0.18224211684511737,0.44704957746006985,0.4450886984959167,0.4440074323031123
770,0.21248313475425842,0.4470290238592671,0.44555306641390335,0.44433961500023783
771,0.21898374840352214,0.4469268935348438,0.44566447476996995,0.4443023881659661
772,0.2330829529975017,0.44702285939459013,0.4458236234042112,0.4457756793062291
773,0.39149021761560204,0.44732620531721895,0.44572761490702867,0.4464076727399701
774,0.3916270683310395,0.4470379934180911,0.4455403240863585,0.4464050281354634
775,0.3916706108435205,0.446995783401713,0.4456322720401144,0.44655804019662576
776,0.3939628926060212,0.446995783401713,0.44578041227792303,0.4465573449273308
777,0.3948698889465647,0.44736950085262883,0.4459962739061717,0.44722700748993754
778,0.3958734906580658,0.44737061269294254,0.4458335579213265,0.4474065252527791
779,0.3653268235843442,0.4472897085168466,0.44580551437777666,0.44722825409045197
780,0.36546168975824034,0.4468297458500232,0.4456804397708001,0.44705978280340664
781,0.36913237365184887,0.4468232816002203,0.44593307611336974,0.44764193352374504
782,0.353068090275037,0.4468727155541525,0.44592109201476826,0.4479418884216775
783,0.3271380792334082,0.4470285227609785,0.4458037443628621,0.44796564286994756
784,0.328445243713079,0.44726445269471204,0.44619941188232826,0.44858670678259677
785,0.32890043843020744,0.44726470817705655,0.4463403184887569,0.44859420682195383
786,0.3229883437897531,0.4460276637387635,0.4461706984313151,0.4482125823679797
787,0.313007250972764,0.44512167650497103,0.44588597579100553,0.4483478404196785
788,0.3193041446180495,0.4453559419985261,0.44570517038564106,0.44853193794390767
789,0.3199156024522911,0.44505935410578346,0.44592385975690774,0.44850693650096696
790,0.3209637561963177,0.44540821347415144,0.4457211330387954,0.44775347842538954
791,0.32091439093814744,0.4451082310835342,0.44552274643034634,0.4474255078034911
792,0.31771965761649934,0.4451068019546038,0.44510021202490113,0.4466874472266188
793,0.31801207843804935,0.44511665649610566,0.4447730553570625,0.44667936388980095
794,0.37715711813173924,0.4460557820542513,0.44480436111926447,0.4470304771077158
795,0.3521567000176108,0.44622080658152263,0.44486490909813015,0.4478017201291911
796,0.3521892836031698,0.44622080658152263,0.4448057357433778,0.44740934970471213
797,0.3734892590256999,0.446327751939639,0.44446600208598736,0.44735838453267796
798,0.4083812811795711,0.4459911139044415,0.4444056697726296,0.4474433656932514
799,0.4084803993289315,0.4459944495259384,0.4443804739981643,0.4474044405186206
800,0.4035114107487209,0.4460450664368568,0.4443127357056981,0.4474604682429275
801,0.4035448189256855,0.4460829601181572,0.44429870686135114,0.4471477298237783
802,0.4044964308479231,0.4461821321159981,0.4442687155345444,0.44725098851021144
803,0.405146538087418,0.4462217553054106,0.4440937820034339,0.4464518009061088
804,0.40573249386507654,0.4462268420130405,0.4440456402212223,0.44637398869639
805,0.40433367851863555,0.44616730237119884,0.4439445830931188,0.44594912888720384
806,0.404226576586334,0.44612435273229906,0.44396349474032837,0.44626828584500966
807,0.4088177592603572,0.44526072074019235,0.4440915061100243,0.4467219171859717
808,0.4104880690895897,0.44539519188425525,0.4440297680905367,0.4471114983681686
809,0.4103404912190381,0.4452212622690511,0.4436431545375788,0.4473991207010638
810,0.4104268797941188,0.44521464795621246,0.44361936776364874,0.4476270078544515
811,0.4106935589266138,0.44533879482869004,0.4438106995970545,0.4481406856154596
812,0.4122492837159723,0.4451881987426325,0.4441910388772103,0.4477169455367869
813,0.41224103491682107,0.4450213684053725,0.444183272100767,0.4475052043948727
814,0.4136401456983982,0.4449499468361861,0.4443432488887532,0.44726462253015414
815,0.4129493158910542,0.4450255396359458,0.44452458179377896,0.44774453741649106
816,0.4135002092739622,0.4445767222503065,0.4446089910113059,0.44758287697269494
817,0.4121486722600581,0.4445183829700464,0.44458200010225213,0.4475741412646508
818,0.4100011772684365,0.44454678972885586,0.44457916061044306,0.4474654853892652
819,0.41006100118238287,0.4444913163161125,0.44461165141214254,0.4476211236868011
820,0.4101905142113563,0.4446198264418387,0.44457348532412627,0.44786371493196775
821,0.41019475030697894,0.44463020723991065,0.44456894215973336,0.44786371493196775
822,0.40968658392998275,0.4443101677103839,0.4445351147964709,0.4477149103228008
823,0.4096749454375027,0.44428791073966556,0.4445328016341342,0.4477029928482907
824,0.4090459374253309,0.4448894146852874,0.44469038081747336,0.44773975390675896
825,0.4073607918673822,0.4457319041526465,0.44504496474519994,0.4482329516277812
826,0.40694293192320335,0.44575463503860574,0.44512400260598173,0.4480636293242842
827,0.4127916927558375,0.44514419783821657,0.44510625466218373,0.44794522577312423
828,0.4101280428334731,0.4464093483178456,0.4449045696486188,0.4472840579241894
829,0.4027010552977532,0.4470133959473347,0.44476800231232433,0.44746700858231603
830,0.40338454909183097,0.44754853586784105,0.44531218604752637,0.44789577297028343
831,0.3998992646104586,0.44748332196583884,0.44556354560738576,0.44807616230929986
832,0.40009564696204414,0.44700812563181286,0.44564962130335134,0.44805589825319947
833,0.3981243338969357,0.44705341183261915,0.4458445352368496,0.44819386392856847
834,0.40212801150353644,0.4470516545101259,0.4459121142644025,0.4462380954737333
835,0.4154538532646382,0.44709660761547515,0.4460786156308494,0.4472040202302183
836,0.4121955739818885,0.446934938929804,0.44585220066265274,0.44686176746270523
837,0.4122015483799584,0.4467783962290829,0.4456806501726734,0.4469953090971841
838,0.4140336334383413,0.44464555430501035,0.4457120085484513,0.44689068822650385
839,0.4166126424531201,0.4449340687491315,0.4456071162362564,0.4469703270431124
840,0.41665341031417097,0.445013598846495,0.44562065255152983,0.44765152686836074
841,0.416616199065711,0.4447301258358276,0.44574098254952843,0.4469491836413308
842,0.41302103335358314,0.4443429233989698,0.4456044168162968,0.4458016689329089
843,0.3941105543947496,0.44426652105984893,0.44582108870374,0.4451875536408919
844,0.39429079043705834,0.44421681793929035,0.445896493447942,0.445020367887307
845,0.3942796148501112,0.44469553687299657,0.44527122562682864,0.44463851643111063
846,0.39388631881667596,0.4454987706106531,0.44526320583165424,0.4447045535438111
847,0.3940499460345688,0.4463693684757687,0.4452722114413179,0.4446037178394546
848,0.395147637404959,0.4461707482402234,0.4452939768387615,0.44462910425245633
849,0.39907623827529176,0.4464670910267832,0.44474811606056563,0.44450179301091625
850,0.3997798951306006,0.4477174425791283,0.444516564269621,0.44349878034571516
851,0.3992891981500191,0.4457243149600259,0.44465448574663774,0.44355216426234373
852,0.40278509481132224,0.44556618780137996,0.4443109407301881,0.44335150511761534
853,0.40286726512227455,0.4459217188094412,0.4443242408348352,0.4435014804348417
854,0.4028641741521845,0.4459670374917777,0.4447003401938538,0.443934001299158
855,0.4027516528907094,0.44567967435822037,0.4448234876852651,0.44380908955571735
856,0.40054293755932496,0.4448902015773265,0.44503394012332403,0.44392703650407817
857,0.37789484916841604,0.44509389972163094,0.44512446318474563,0.44403296470361936
858,0.3640198534546621,0.4451927271334211,0.444920666708087,0.4435264704430561
859,0.3644667695996454,0.4451803244482182,0.44492986017617575,0.44346558642312855
860,0.3645865904272887,0.4451099036437927,0.4450248188127768,0.4434952533614204
861,0.3714708023640352,0.44602740800651947,0.4449951970646974,0.4436870919630763
862,0.3683379803786729,0.4447618918233462,0.4450397442759769,0.44363591183154194
863,0.3608948561300406,0.4457354799379468,0.4450857727887025,0.44416510639275386
864,0.36771398135858535,0.4448084381608233,0.44505913486178733,0.4440400852062508
865,0.3694120648944682,0.4449379699439023,0.4451749969941252,0.4441873990525675
866,0.36509961143600034,0.4445285169469208,0.44570389247887393,0.4440741492415572
867,0.3910275480374262,0.44508606523022637,0.4462540441932551,0.4455592872504126
868,0.381446982404606,0.4447803145956403,0.446564796593801,0.44574294173919404
869,0.38285107680470637,0.4448074706490924,0.44652395662421435,0.44511678901195506
870,0.3856218655439908,0.44495577319842,0.4465676990399465,0.4454736136068492
871,0.3888354648020342,0.44477739828223906,0.44613448025311175,0.4454559917892129
872,0.39242906923610044,0.44535223204818886,0.44588665208074446,0.44540451695465405
873,0.39121264975965503,0.445008079881367,0.4461040983674819,0.4442404445711659
874,0.3702534193399842,0.4455874941608407,0.44603560699200645,0.44431374915624344
875,0.39669425676594106,0.44570436310324923,0.4457443424867896,0.44476700925092105
876,0.3821082842620473,0.4458227673619652,0.44552388665531284,0.44503552526303136
877,0.38245849810157445,0.4456696938111373,0.44553795202375107,0.44454872144729896
878,0.3887204925080235,0.44610079420722215,0.445508941108188,0.444573463077599
879,0.3887554659448724,0.44615170814671834,0.4457852145251646,0.4452607681652466
880,0.3888272712473352,0.44625318107456335,0.4458236562396297,0.4445534320057534
881,0.38871899856172526,0.4456988737751562,0.4455570398287167,0.44483178613723107
882,0.374849848004364,0.44531806288009096,0.4455845174177815,0.44528154867092273
883,0.3549576153452647,0.44528321155671075,0.4456700458829445,0.44577244159848106
884,0.33977125114702444,0.4448736502860805,0.44550947104358485,0.4460764160372148
885,0.3317885134330784,0.44442092342551937,0.44543319186079283,0.44638490814023074
886,0.32053315501691776,0.4446294168605381,0.44554156510773635,0.44658847291433085
887,0.32214165743872586,0.4450228055886693,0.4455055217289267,0.4466806934905207
888,0.3293202906350056,0.44477182746595745,0.44553455285806687,0.4472133476668788
889,0.33154722398741526,0.44463260469808913,0.4457568986736881,0.44740051536783604
890,0.33355837168279295,0.4444572117789815,0.4460635775102744,0.4470546032146776
891,0.34819973717512503,0.4445335795781764,0.4462887540050039,0.4478132044656292
892,0.34916036281548685,0.4447503902095305,0.4465283092175524,0.44782183669428044
893,0.35504472738844023,0.4446757396910912,0.4473850476598027,0.4475119081575623
894,0.3570108880732007,0.4451001896177433,0.44762178158218663,0.44729598370938445
895,0.37908430794853243,0.44498898060063014,0.4474519823386358,0.4471637085362149
896,0.3879630204176827,0.4444865123079446,0.4475680114673406,0.44732585177310946
897,0.3900338791613256,0.44397404372420285,0.44714265862418984,0.44652964091958935
898,0.3897144229948604,0.44394093211119234,0.44673173810075556,0.4468258034695477
899,0.38789166757036925,0.44369450037681113,0.44658613326179186,0.44682542346344206
900,0.39038468384701935,0.4436194533822315,0.4464327302985367,0.4467054331569015
901,0.38979114955324273,0.4434956834983499,0.4463127161463875,0.4468033449451691
902,0.3900275692793035,0.44330344069230715,0.4458972361901941,0.4466484649520211
903,0.32434908065733925,0.44404345971511383,0.44581644354022487,0.4467581317731848
904,0.26202123666008814,0.4442376822393463,0.44591144859984205,0.44647357929322073
905,0.21867047445258503,0.4435325269408439,0.4460996507769053,0.44609573895231236
906,0.2060270640011451,0.444004561414776,0.4461386672581144,0.4460347881413615
907,0.19849175203608116,0.4445608910171527,0.4460327123617216,0.4464048664417828
908,0.1949788959965481,0.445330322423606,0.44577265220545187,0.4458164288082174
909,0.1913461864154205,0.44477735094667764,0.4456634946553122,0.4458952657298592
910,0.18935226348595532,0.4446043299648388,0.4454441288697443,0.44634369768070215
911,0.18973419921963244,0.44433594406846116,0.4453207371732984,0.4464141303187689
912,0.19237385293581963,0.4444070184404097,0.44536107140632153,0.44624477076680996
913,0.18940535171721226,0.44445689982125897,0.445549879257689,0.44700845300332526
914,0.1851552090358106,0.44453256215642495,0.4457196492073617,0.44701068914804243
915,0.18379470850462862,0.44553649006271856,0.44580397482122397,0.4468491579171724
916,0.18951220354154294,0.44612829405741555,0.4464767061187868,0.44723238732253023
917,0.19436229199774047,0.44695170321552113,0.446651457878931,0.4471007411742284
918,0.19469518226165214,0.4471446198314241,0.4466090739598819,0.44657128949265135
919,0.19606038625659078,0.44722537363517667,0.44653654169567997,0.4464224569523936
920,0.19723257125539953,0.4472036621504881,0.4466084314654536,0.4463095443797359
921,0.19760388997152767,0.44650133359495353,0.44667800951278314,0.446431280746838
922,0.3432396998132548,0.4465317983647447,0.44665022463115484,0.4465806006452359
923,0.37027628443468885,0.44702118610365316,0.44690595978600445,0.44608081760999596
924,0.37120135573333424,0.44619623034429867,0.4464561720117249,0.44603435035162964
925,0.3723143574511415,0.44682955157281334,0.44662975693589524,0.4460505716795367
926,0.3802178051990027,0.4458427215179615,0.4462836358790569,0.4462782463071716
927,0.38064744661395794,0.4458578553761899,0.4460088909676628,0.4463974629673303
928,0.3811063603548689,0.4455121238263547,0.44558467346063785,0.44625791762928796
929,0.3938491149538616,0.44577192025353585,0.44537890508176,0.4462097914794611
930,0.40480791824654144,0.4460467495606673,0.4454783075807738,0.44686898424449706
931,0.3975192789786966,0.44541484013470417,0.44526146735641176,0.44643169903497404
932,0.3976008725096454,0.44533668543693317,0.44489367666467144,0.4456421083303028
933,0.3973688173884476,0.44558517561461664,0.444848596141396,0.4454381375819296
934,0.39724410985056535,0.4455589961370472,0.4455566647968528,0.44581154432795045
935,0.3971882269830729,0.4455169786699168,0.4458931732728705,0.4458447727206582
936,0.4000240872564929,0.4455050916251801,0.44616929940050626,0.4464874696865922
937,0.400013651217285,0.44527035325315956,0.44624757470902027,0.4455598798300644
938,0.4003023280990353,0.44529797827515544,0.44624219454466435,0.44564805543857217
939,0.36347096613478996,0.4452281545232725,0.44623436130475636,0.4456832052076317
940,0.32571101123242796,0.445207165847137,0.4453336745300735,0.4460046980686835
941,0.3097505174656683,0.44462024735366057,0.4445282638572779,0.4453841746452551
942,0.3100969150949089,0.44470288383368695,0.4442845719593893,0.4454448654251938
943,0.310203521803763,0.44404583889332827,0.44424469815390516,0.44416782304085944
944,0.3100111284720516,0.4440590728787752,0.44409651370966946,0.44403790910843144
945,0.30939530890664674,0.4442900014200172,0.44397049228575497,0.44415354909718563
946,0.3115912529126437,0.4443122259437201,0.4439905179918563,0.4444268903525479
947,0.3120447135084977,0.44408964338824364,0.4439928232258267,0.4450376472272886
948,0.3149125838330943,0.4446246137026339,0.4439350506974345,0.4453389032449343
949,0.3158192888604867,0.4446246137026339,0.4438650731877587,0.4450066913766135
950,0.26565922671243347,0.44532576237311927,0.44384208503673667,0.4449625338243351
951,0.19040472714771065,0.4447723039389549,0.44393738949219136,0.4448863894527437
952,0.18128875434186,0.4449949302331367,0.44356957816816045,0.4455978697401902
953,0.1800538584424391,0.44495559532907547,0.44349073358320995,0.44570927433247065
954,0.17838486016295246,0.4449216388461455,0.44352657349101066,0.4459217313298416
955,0.18043816620763778,0.4443726562971618,0.4439519360568613,0.44590404330450495
956,0.18365397559001673,0.4439192726651636,0.44428620168330585,0.44591479091546427
957,0.18055186099965348,0.4428473079602086,0.44445625910523706,0.4459154746791209
958,0.17719318240486473,0.44346853231404637,0.4445076437206604,0.4459951817569563
959,0.17562172216171018,0.44346261627197364,0.44463768475020327,0.4455248096719989
960,0.17887272158498665,0.4436223148360416,0.4446385492478312,0.4459583567770697
961,0.17713445385190418,0.4431698186777692,0.4443584594846102,0.4456186783558376
962,0.17596448041975746,0.44229547909022043,0.44470687098997846,0.4456874339853172
963,0.17421676897144606,0.44209014254603235,0.44482197401612006,0.44561258300054873
964,0.17062545555098296,0.4454693253557453,0.4448267775474935,0.44547351514373607
965,0.17126754968190816,0.4459194720699678,0.44551409486327137,0.4455220280470047
966,0.17204197444484895,0.4463590027949002,0.4457423650261184,0.44597024175721733
967,0.17428780745119482,0.4462809427535334,0.4456414617701932,0.44468195259282267
968,0.17572924718370722,0.4464029423542361,0.44558629264068783,0.4449046729713689
969,0.17880686838240584,0.4462010162045874,0.4454698057871159,0.4445699968435549
970,0.3623001116252408,0.4462168128738111,0.4453915490968592,0.44482260552617386
971,0.3698886182769853,0.44631494575362013,0.44542959910145075,0.4442493848725069
972,0.37031494693569544,0.4463653425477117,0.445450661292936,0.44440255175755244
973,0.3711784697797768,0.44645382714178483,0.4453729915482125,0.4444204381032091
974,0.371550638559214,0.44583801911465465,0.44538597657706885,0.4444169032637827
975,0.3742249585485644,0.44634354663796993,0.4453921314283444,0.44418038367808144
976,0.3751975072939051,0.4465506336062032,0.44589865040491344,0.44495384269375354
977,0.37533966417469733,0.44674038663881105,0.4459826508246933,0.44474696220187415
978,0.3675355161792373,0.44688449031409583,0.4458050301820667,0.4447335650759964
979,0.3682401181134585,0.44678264385224714,0.4458173412986231,0.44485992753789283
980,0.36977308817180027,0.4472113926495351,0.4456610996043259,0.4448981488190345
981,0.3704625494893953,0.44704962823373473,0.44557539177583205,0.44480711127704725
982,0.3734542910266106,0.4470252333255376,0.44575964453712685,0.4450611297221851
983,0.37300844172476755,0.44662205250568154,0.4457760343563837,0.4451383913403214
984,0.37227888556866834,0.4463888582861209,0.4460541108690598,0.44500236316453257
985,0.36877639404457047,0.44644406326844593,0.44636779616974903,0.4452912317401816
986,0.37222691413349035,0.44678706632912274,0.4465197519625042,0.44530686919006945
987,0.3693759222770623,0.44667794393508775,0.44658385750190355,0.44536151256203266
988,0.36935906488623016,0.4468651934241373,0.4465613296944561,0.4456753908351114
989,0.36381106960288984,0.4469336151488288,0.44665247895494653,0.44564786336634044
990,0.3709894820761218,0.4469983893047001,0.4462429826013562,0.44557919582315103
991,0.37254919599244185,0.44671175154829157,0.44579486984265015,0.4451052411477013
992,0.3598579795288158,0.4466080967730148,0.44583032987643434,0.4449002648194043
993,0.35675951133320516,0.4472428390571758,0.44552607316137555,0.44451771589269945
994,0.3549295970884325,0.4472773216677981,0.4458925670696697,0.4450438880937395
995,0.3549120795753403,0.4471167897244048,0.44560330342712695,0.4448737114636771
996,0.37041483715492624,0.446999481997526,0.4451648406432857,0.44383343774874146
997,0.3716730919845977,0.4476567129936813,0.444982211437471,0.44318971523898437
998,0.37160614110775586,0.4476128415439065,0.44484296533286827,0.44356295594089795
999,0.3786163886318123,0.4475849212332389,0.44469430357698986,0.44301909192086714
1000,0.40381672104300254,0.44779063735143293,0.4442688081558958,0.44279731633305414
